(0,3,6,4,2,7,5,1)-(0,3,7,4,2,6,5,1)
(0,1,7,3,4,5,6,2)-(0,1,3,5,7,6,4,2)
(0,7,2,4,3,5,6,1)-(0,2,5,7,4,6,3,1)
(0,7,5,2,4,3,6,1)-(0,2,7,4,6,5,3,1)
(0,1,7,5,3,4,6,2)-(0,1,3,7,6,5,4,2)
(0,1,4,7,5,3,6,2)-(0,1,4,5,3,7,6,2)
(0,1,3,5,4,7,6,2)-(0,1,3,7,5,4,6,2)
(0,2,7,4,5,6,3,1)-(0,2,4,6,7,5,3,1)
(0,3,2,6,7,5,1,4)-(0,7,3,2,5,1,6,4)
(0,2,6,3,1,7,5,4)-(0,2,3,1,5,6,7,4)
(0,1,7,5,3,2,6,4)-(0,1,5,6,7,3,2,4)
(0,7,5,2,3,1,6,4)-(0,5,2,6,7,3,1,4)
(0,2,7,5,4,6,3,1)-(0,2,4,7,6,5,3,1)
(0,1,3,2,7,5,6,4)-(0,1,5,3,2,6,7,4)
(0,2,7,5,6,3,1,4)-(0,2,6,7,3,1,5,4)
(0,7,5,3,2,4,6,1)-(0,2,7,4,5,6,3,1)
(0,7,2,4,5,3,6,1)-(0,2,5,6,7,4,3,1)
