(0,1,3,5,4,2)-(0,1,3,6,7,2) (6)-(5) (7)-(4)
(0,2,5)-(0,2,4) (1,3,6,4)-(1,3,7,5) (7)-(6)
(0,2,5)-(0,2,6) (1,3,6,4)-(1,3,5,7) (7)-(4)
(0,3,4,1,2,5)-(0,3,6,1,2,7) (6)-(4) (7)-(5)
(0,3,5)-(0,3,7) (1,2,4)-(1,2,6) (6,7)-(4,5)
(0,2,6,4,1)-(0,2,5,7,1) (3,5)-(3,6) (7)-(4)
(0,1,5,3,4)-(0,1,6,3,7) (2,6)-(2,5) (7)-(4)
(0,2,6,4,1)-(0,2,7,5,1) (3,5)-(3,4) (7)-(6)
(0,1,4,3,5)-(0,1,7,3,6) (2,6)-(2,5) (7)-(4)
(0,2,4,3,5,1)-(0,2,7,3,6,1) (6)-(5) (7)-(4)
(0,1,5)-(0,1,7) (2,6)-(2,4) (3,7,4)-(3,5,6)
(0,1,6)-(0,1,5) (2,4)-(2,7) (3,7,5)-(3,4,6)
(0,1,3,4,2)-(0,1,3,7,2) (5,7)-(4,6) (6)-(5)
(0,1,6)-(0,1,5) (2,4,3,5)-(2,7,3,6) (7)-(4)
(0,2,5,1)-(0,2,7,1) (3,7,4)-(3,5,6) (6)-(4)
(0,2,5,1)-(0,2,4,1) (3,6,4)-(3,7,5) (7)-(6)
(0,2,5,1)-(0,2,7,1) (3,4)-(3,6) (6,7)-(4,5)
(0,1,7,4)-(0,1,5,6) (2,5)-(2,7) (3,6)-(3,4)
(0,7)-(0,5) (1,6)-(1,4) (2,5,3,4)-(2,7,3,6)
